0.004009 0
0.00700925 0
0.0100095 0
0.0130097 0
0.01601 0
0.0190102 0
0.0220105 0
0.0250107 2
0.028011 2
0.0310112 3
0.0340115 3
0.0370117 1
0.040012 2
0.0430122 3
0.0460125 4
0.0490127 1
0.052013 1
0.0550132 7
0.0580135 5
0.0610137 8
0.064014 13
0.0670142 15
0.0700145 17
0.0730147 26
0.076015 46
0.0790152 46
0.0820155 75
0.0850157 89
0.088016 124
0.0910162 152
0.0940165 178
0.0970167 221
0.100017 241
0.103017 307
0.106017 319
0.109018 337
0.112018 372
0.115018 440
0.118018 481
0.121019 555
0.124019 545
0.127019 621
0.130019 616
0.13302 683
0.13602 768
0.13902 773
0.14202 752
0.145021 784
0.148021 798
0.151021 837
0.154021 778
0.157022 868
0.160022 885
0.163022 875
0.166022 950
0.169023 934
0.172023 904
0.175023 988
0.178023 952
0.181024 932
0.184024 957
0.187024 984
0.190024 966
0.193025 1000
0.196025 1020
0.199025 1037
0.202025 986
0.205026 992
0.208026 1066
0.211026 1047
0.214026 943
0.217027 1041
0.220027 976
0.223027 1082
0.226027 996
0.229028 942
0.232028 990
0.235028 1035
0.238028 1006
0.241029 923
0.244029 960
0.247029 931
0.250029 929
0.25303 914
0.25603 889
0.25903 886
0.26203 814
0.265031 833
0.268031 864
0.271031 950
0.274031 888
0.277032 783
0.280032 769
0.283032 840
0.286032 863
0.289033 898
0.292033 816
0.295033 756
0.298033 753
0.301034 686
0.304034 720
0.307034 816
0.310034 778
0.313035 791
0.316035 762
0.319035 747
0.322035 839
0.325036 943
0.328036 774
0.331036 710
0.334036 812
0.337037 832
0.340037 793
0.343037 727
0.346037 691
0.349038 780
0.352038 825
0.355038 726
0.358038 591
0.361039 635
0.364039 682
0.367039 722
0.370039 694
0.37304 738
0.37604 678
0.37904 525
0.38204 606
0.385041 571
0.388041 676
0.391041 620
0.394041 586
0.397042 606
0.400042 694
0.403042 645
0.406042 562
0.409043 591
0.412043 531
0.415043 579
0.418043 606
0.421044 561
0.424044 575
0.427044 507
0.430044 509
0.433045 520
0.436045 567
0.439045 594
0.442045 582
0.445046 608
0.448046 589
0.451046 524
0.454046 493
0.457047 502
0.460047 529
0.463047 533
0.466047 496
0.469048 567
0.472048 539
0.475048 552
0.478048 488
0.481049 505
0.484049 553
0.487049 584
0.490049 506
0.49305 462
0.49605 584
0.49905 541
0.50205 546
0.505051 555
0.508051 864
0.511051 532
0.514051 473
0.517052 413
0.520052 352
0.523052 424
0.526052 414
0.529053 547
0.532053 523
0.535053 487
0.538053 505
0.541054 447
0.544054 402
0.547054 397
0.550054 499
0.553055 465
0.556055 422
0.559055 462
0.562055 470
0.565056 430
0.568056 425
0.571056 426
0.574056 425
0.577057 344
0.580057 376
0.583057 417
0.586057 333
0.589058 412
0.592058 463
0.595058 505
0.598058 508
0.601059 543
0.604059 545
0.607059 727
0.610059 588
0.61306 492
0.61606 491
0.61906 482
0.62206 476
0.625061 431
0.628061 420
0.631061 383
0.634061 496
0.637062 428
0.640062 401
0.643062 368
0.646062 393
0.649063 385
0.652063 381
0.655063 355
0.658063 406
0.661064 385
0.664064 323
0.667064 265
0.670064 227
0.673065 301
0.676065 371
0.679065 389
0.682065 351
0.685066 339
0.688066 437
0.691066 361
0.694066 312
0.697067 378
0.700067 361
0.703067 350
0.706067 358
0.709068 329
0.712068 322
0.715068 393
0.718068 414
0.721069 317
0.724069 289
0.727069 339
0.730069 314
0.73307 292
0.73607 363
0.73907 312
0.74207 284
0.745071 348
0.748071 334
0.751071 315
0.754071 345
0.757072 354
0.760072 297
0.763072 310
0.766072 336
0.769073 379
0.772073 290
0.775073 295
0.778073 231
0.781074 239
0.784074 235
0.787074 237
0.790074 182
0.793075 235
0.796075 313
0.799075 269
0.802075 248
0.805076 254
0.808076 308
0.811076 338
0.814076 318
0.817077 262
0.820077 290
0.823077 283
0.826077 253
0.829078 330
0.832078 292
0.835078 261
0.838078 320
0.841079 370
0.844079 369
0.847079 348
0.850079 331
0.85308 303
0.85608 278
0.85908 281
0.86208 202
0.865081 182
0.868081 226
0.871081 272
0.874081 265
0.877082 313
0.880082 293
0.883082 311
0.886082 243
0.889083 234
0.892083 188
0.895083 210
0.898083 254
0.901084 203
0.904084 329
0.907084 423
0.910084 411
0.913085 304
0.916085 252
0.919085 174
0.922085 172
0.925086 139
0.928086 209
0.931086 269
0.934086 363
0.937087 314
0.940087 269
0.943087 279
0.946087 244
0.949088 189
0.952088 174
0.955088 166
0.958088 257
0.961089 242
0.964089 170
0.967089 204
0.970089 222
0.97309 265
0.97609 175
0.97909 169
0.98209 187
0.985091 222
0.988091 251
0.991091 252
0.994091 295
0.997092 354
1.00009 380
1.00309 356
1.00609 303
1.00909 314
1.01209 303
1.01509 216
1.01809 130
1.02109 127
1.02409 258
1.02709 245
1.03009 144
1.03309 172
1.03609 206
1.0391 172
1.0421 204
1.0451 277
1.0481 257
1.0511 323
1.0541 384
1.0571 266
1.0601 232
1.0631 258
1.0661 266
1.0691 213
1.0721 235
1.0751 252
1.0781 195
1.0811 130
1.0841 112
1.0871 178
1.0901 265
1.0931 277
1.0961 267
1.0991 229
1.1021 218
1.1051 235
1.1081 213
1.1111 244
1.1141 348
1.1171 474
1.1201 398
1.1231 187
1.1261 179
1.1291 184
1.1321 219
1.1351 218
1.1381 227
1.1411 217
1.1441 187
1.1471 247
1.1501 240
1.1531 266
1.1561 212
1.15911 147
1.16211 316
1.16511 327
1.16811 258
1.17111 308
1.17411 320
1.17711 238
1.18011 208
1.18311 140
1.18611 91
1.18911 149
1.19211 160
1.19511 104
1.19811 154
1.20111 189
1.20411 249
1.20711 223
1.21011 198
1.21311 223
1.21611 304
1.21911 307
1.22211 282
1.22511 261
1.22811 267
1.23111 231
1.23411 248
1.23711 302
1.24011 224
1.24311 243
1.24611 225
1.24911 163
1.25211 129
1.25511 167
1.25811 162
1.26111 138
1.26411 63
1.26711 65
1.27011 140
1.27311 183
1.27611 185
1.27912 161
1.28212 227
1.28512 185
1.28812 123
1.29112 157
1.29412 192
1.29712 203
1.30012 179
1.30312 182
1.30612 165
1.30912 105
1.31212 113
1.31512 149
1.31812 114
1.32112 62
1.32412 86
1.32712 108
1.33012 106
1.33312 109
1.33612 151
1.33912 149
1.34212 119
1.34512 63
1.34812 89
1.35112 81
1.35412 77
1.35712 95
1.36012 133
1.36312 100
1.36612 220
1.36912 280
1.37212 262
1.37512 186
1.37812 91
1.38112 107
1.38412 124
1.38712 100
1.39012 83
1.39312 84
1.39612 96
1.39913 172
1.40213 156
1.40513 168
1.40813 98
1.41113 49
1.41413 66
1.41713 91
1.42013 131
1.42313 104
1.42613 128
1.42913 129
1.43213 136
1.43513 187
1.43813 178
1.44113 92
1.44413 95
1.44713 97
1.45013 171
1.45313 1350
1.45613 2564
1.45913 1686
1.46213 328
1.46513 26
1.46813 24
1.47113 49
1.47413 37
1.47713 77
1.48013 74
1.48313 20
1.48613 27
1.48913 12
1.49213 53
1.49513 50
1.49813 52
1.50113 48
1.50413 58
1.50713 43
1.51013 2
1.51313 31
1.51613 69
1.51913 59
1.52214 27
1.52514 33
1.52814 36
1.53114 35
1.53414 32
1.53714 59
1.54014 75
1.54314 59
1.54614 16
1.54914 8
1.55214 28
1.55514 42
1.55814 68
1.56114 57
1.56414 27
1.56714 27
1.57014 30
1.57314 28
1.57614 50
1.57914 23
1.58214 10
1.58514 79
1.58814 107
1.59114 27
1.59414 9
1.59714 10
1.60014 24
1.60314 52
1.60614 39
1.60914 98
1.61214 90
1.61514 27
1.61814 30
1.62114 106
1.62414 107
1.62714 21
1.63014 31
1.63314 36
1.63614 23
1.63914 4
1.64215 8
1.64515 4
1.64815 25
1.65115 57
1.65415 64
1.65715 80
1.66015 54
1.66315 51
1.66615 42
1.66915 54
1.67215 60
1.67515 30
1.67815 17
1.68115 50
1.68415 30
1.68715 20
1.69015 36
1.69315 48
1.69615 36
1.69915 10
1.70215 2
1.70515 5
1.70815 1
1.71115 18
1.71415 30
1.71715 4
1.72015 14
1.72315 69
1.72615 77
1.72915 22
1.73215 2
1.73515 3
1.73815 6
1.74115 38
1.74415 42
1.74715 35
1.75015 46
1.75315 55
1.75615 166
1.75915 332
1.76216 253
1.76516 36
1.76816 5
1.77116 17
1.77416 33
1.77716 26
1.78016 16
1.78316 5
1.78616 4
1.78916 17
1.79216 27
1.79516 8
1.79816 6
1.80116 5
1.80416 4
1.80716 31
1.81016 33
1.81316 48
1.81616 30
1.81916 5
1.82216 42
1.82516 52
1.82816 29
1.83116 29
1.83416 63
1.83716 45
1.84016 69
1.84316 108
1.84616 42
1.84916 4
1.85216 4
1.85516 3
1.85816 17
1.86116 32
1.86416 51
1.86716 60
1.87016 50
1.87316 52
1.87616 61
1.87916 52
1.88217 31
1.88517 21
1.88817 30
1.89117 8
1.89417 22
1.89717 21
1.90017 20
1.90317 20
1.90617 23
1.90917 25
1.91217 6
1.91517 13
1.91817 30
1.92117 24
1.92417 45
1.92717 25
1.93017 27
1.93317 28
1.93617 5
1.93917 6
1.94217 31
1.94517 35
1.94817 3
1.95117 3
1.95417 4
1.95717 6
1.96017 5
1.96317 12
1.96617 29
1.96917 32
1.97217 13
1.97517 3
1.97817 2
1.98117 13
1.98417 15
1.98717 18
1.99017 28
1.99317 50
1.99617 23
1.99917 23
2.00218 61
2.00518 36
2.00818 20
2.01118 31
2.01418 38
2.01718 31
2.02018 9
2.02318 2
2.02618 47
2.02918 68
2.03218 26
2.03518 22
2.03818 19
2.04118 3
2.04418 21
2.04718 16
2.05018 5
2.05318 6
2.05618 33
2.05918 41
2.06218 16
2.06518 5
2.06818 2
2.07118 4
2.07418 2
2.07718 1
2.08018 6
2.08318 27
2.08618 36
2.08918 77
2.09218 62
2.09518 51
2.09818 84
2.10118 46
2.10418 38
2.10718 66
2.11018 57
2.11318 43
2.11618 10
2.11918 1
2.12219 4
2.12519 16
2.12819 33
2.13119 4
2.13419 4
2.13719 1
2.14019 15
2.14319 40
2.14619 49
2.14919 21
2.15219 2
2.15519 4
2.15819 50
2.16119 78
2.16419 21
2.16719 8
2.17019 26
2.17319 21
2.17619 3
2.17919 1
2.18219 4
2.18519 1
2.18819 0
2.19119 7
2.19419 50
2.19719 58
2.20019 38
2.20319 34
2.20619 38
2.20919 17
2.21219 14
2.21519 32
2.21819 38
2.22119 66
2.22419 52
2.22719 10
2.23019 2
2.23319 4
2.23619 0
2.23919 5
2.2422 23
2.2452 23
2.2482 7
2.2512 38
2.2542 50
2.2572 6
2.2602 2
2.2632 21
2.2662 24
2.2692 2
2.2722 28
2.2752 36
2.2782 53
2.2812 58
2.2842 48
2.2872 0
2.2902 6
2.2932 27
2.2962 28
2.2992 28
2.3022 11
2.3052 0
2.3082 1
2.3112 14
2.3142 36
2.3172 25
2.3202 8
2.3232 2
2.3262 0
2.3292 29
2.3322 63
2.3352 45
2.3382 12
2.3412 19
2.3442 25
2.3472 6
2.3502 4
2.3532 29
2.3562 21
2.3592 5
2.36221 1
2.36521 18
2.36821 20
2.37121 5
2.37421 21
2.37721 15
2.38021 28
2.38321 13
2.38621 3
2.38921 1
2.39221 2
2.39521 1
2.39821 0
2.40121 1
2.40421 5
2.40721 22
2.41021 16
2.41321 0
2.41621 0
2.41921 1
2.42221 2
2.42521 0
2.42821 0
2.43121 8
2.43421 22
2.43721 13
2.44021 24
2.44321 58
2.44621 18
2.44921 0
2.45221 11
2.45521 22
2.45821 4
2.46121 3
2.46421 2
2.46721 1
2.47021 0
2.47321 2
2.47621 0
2.47921 2
2.48222 22
2.48522 17
2.48822 1
2.49122 22
2.49422 17
2.49722 1
2.50022 4
2.50322 1
2.50622 0
2.50922 7
2.51222 24
2.51522 43
2.51822 16
2.52122 1
2.52422 1
2.52722 3
2.53022 1
2.53322 0
2.53622 1
2.53922 1
2.54222 22
2.54522 24
2.54822 10
2.55122 0
2.55422 2
2.55722 1
2.56022 1
2.56322 1
2.56622 0
2.56922 1
2.57222 1
2.57522 0
2.57822 21
2.58122 24
2.58422 5
2.58722 29
2.59022 22
2.59322 5
2.59622 21
2.59922 19
2.60223 7
2.60523 160
2.60823 327
2.61123 170
2.61423 5
2.61723 32
2.62023 13
2.62323 6
2.62623 27
2.62923 19
2.63223 1
2.63523 0
2.63823 0
2.64123 0
2.64423 0
2.64723 0
2.65023 4
2.65323 9
2.65623 25
2.65923 16
2.66223 14
2.66523 51
2.66823 59
2.67123 18
2.67423 0
2.67723 0
2.68023 0
2.68323 0
2.68623 0
2.68923 0
2.69223 0
2.69523 1
2.69823 0
2.70123 0
2.70423 0
2.70723 0
2.71023 30
2.71323 18
2.71623 0
2.71923 0
2.72224 1
2.72524 0
2.72824 0
2.73124 2
2.73424 0
2.73724 0
2.74024 0
2.74324 0
2.74624 0
2.74924 0
2.75224 1
2.75524 0
2.75824 0
2.76124 0
2.76424 0
2.76724 1
2.77024 0
2.77324 0
2.77624 0
2.77924 0
2.78224 0
2.78524 0
2.78824 0
2.79124 0
2.79424 21
2.79724 16
2.80024 3
2.80324 0
2.80624 0
2.80924 0
2.81224 1
2.81524 0
2.81824 0
2.82124 0
2.82424 32
2.82724 26
2.83024 27
2.83324 35
2.83624 31
2.83924 21
2.84225 1
2.84525 0
2.84825 0
2.85125 0
2.85425 0
2.85725 7
2.86025 26
2.86325 13
2.86625 6
2.86925 27
2.87225 10
2.87525 0
2.87825 0
2.88125 0
2.88425 0
2.88725 0
2.89025 0
2.89325 0
2.89625 1
2.89925 0
2.90225 0
2.90525 0
2.90825 0
2.91125 0
2.91425 0
2.91725 22
2.92025 16
2.92325 1
